Path 2
x y z	Score	Similarity	LengthDiff	Robustness
36 47 46	0.9254	0.9412	0.9412	0.8622
26 44 43	0.9057	0.9375	0.9375	0.7785
28 50 45	0.9040	0.9375	0.9375	0.7702
16 46 32	0.9036	0.9375	0.9375	0.7678
22 40 37	0.8918	0.9375	0.9375	0.7089
30 46 41	0.8625	0.8889	0.8889	0.7569
19 45 28	0.8587	0.8750	0.8750	0.7933
11 41 45	0.8501	0.8750	0.8750	0.7506
31 49 41	0.8470	0.8235	0.9375	0.7985
49 40 41	0.8443	0.8235	0.9375	0.7850
33 39 36	0.8421	0.8235	0.9375	0.7741
27 34 35	0.8155	0.8125	0.8125	0.8276
20 35 38	0.8103	0.8125	0.8125	0.8014
28 32 42	0.8067	0.8125	0.8125	0.7833
44 46 31	0.8054	0.7895	0.8889	0.7447
46 47 30	0.7981	0.7368	0.9412	0.7876
44 35 45	0.7977	0.7368	0.9412	0.7856
6 42 32	0.7942	0.7222	0.9375	0.8129
23 47 25	0.7614	0.7500	0.7500	0.8071
50 43 25	0.7493	0.7059	0.8125	0.7897
32 46 18	0.7173	0.6471	0.7500	0.8695
2 35 38	0.7109	0.6111	0.8125	0.8585
40 34 24	0.7045	0.6471	0.7500	0.8054
18 33 28	0.6980	0.6875	0.6875	0.7399
1 35 33	0.6936	0.5500	0.9375	0.7836
39 23 50	0.6852	0.6111	0.8125	0.7297
22 49 17	0.6793	0.6875	0.6875	0.6466
41 17 36	0.6769	0.5789	0.8750	0.6988
27 43 38	0.6727	0.6250	0.6250	0.8634
48 44 38	0.6656	0.5882	0.6875	0.8511
22 21 44	0.6649	0.6111	0.8125	0.6286
21 45 34	0.6613	0.6250	0.6250	0.8064
45 41 34	0.6516	0.5882	0.6875	0.7808
31 36 24	0.6511	0.5882	0.6875	0.7784
25 42 37	0.6476	0.6250	0.6250	0.7381
34 35 22	0.6457	0.5882	0.6875	0.7517
30 28 30	0.6449	0.6250	0.6250	0.7245
50 30 40	0.6320	0.6250	0.6250	0.6601
33 28 40	0.6313	0.5556	0.7500	0.6911
33 27 41	0.6307	0.5556	0.7500	0.6884
40 30 47	0.6295	0.6250	0.6250	0.6473
31 26 45	0.6228	0.6250	0.6250	0.6141
36 19 31	0.6120	0.5263	0.8125	0.5968
41 38 38	0.6098	0.5294	0.6250	0.8118
36 10 46	0.6026	0.4737	0.7500	0.7730
14 25 33	0.6000	0.5625	0.5625	0.7502
30 11 49	0.5994	0.4737	0.7500	0.7570
41 38 20	0.5969	0.5294	0.6250	0.7473
49 6 33	0.5952	0.4500	0.8125	0.7231
2 38 25	0.5927	0.5000	0.6875	0.7291
48 38 45	0.5918	0.5294	0.6250	0.7219
39 23 23	0.5877	0.5000	0.6875	0.7040
4 24 38	0.5862	0.5000	0.6875	0.6966
16 45 43	0.5853	0.5625	0.5625	0.6763
5 18 26	0.5818	0.3636	0.8750	0.8152
47 14 50	0.5805	0.4737	0.7500	0.6625
45 1 44	0.5790	0.3636	0.8750	0.8010
28 11 45	0.5616	0.4211	0.6875	0.7907
19 37 43	0.5614	0.5000	0.5000	0.8068
16 24 30	0.5613	0.5625	0.5625	0.5563
49 44 22	0.5596	0.4706	0.5625	0.8008
6 16 39	0.5593	0.3636	0.8750	0.7028
46 11 50	0.5568	0.4737	0.7500	0.5437
48 49 30	0.5519	0.4706	0.5625	0.7624
39 14 47	0.5500	0.3810	0.8125	0.6868
41 29 24	0.5422	0.5000	0.5000	0.7110
37 31 18	0.5419	0.4706	0.5625	0.7122
39 11 30	0.5327	0.4211	0.6875	0.6464
49 2 28	0.5294	0.3182	0.8125	0.7564
12 25 40	0.5276	0.5000	0.5000	0.6380
5 23 26	0.5257	0.4444	0.6250	0.6250
4 43 27	0.5205	0.3889	0.5625	0.8299
21 49 16	0.5175	0.5000	0.5000	0.5873
1 40 20	0.5161	0.3500	0.6875	0.7588
13 17 28	0.5120	0.3500	0.6875	0.7379
12 14 39	0.5102	0.3500	0.6875	0.7293
4 27 34	0.5098	0.3889	0.5625	0.7765
22 10 42	0.5031	0.4211	0.6875	0.4981
7 37 33	0.5026	0.3889	0.5625	0.7405
36 27 18	0.4963	0.4375	0.4375	0.7315
8 34 31	0.4947	0.4118	0.5000	0.7163
24 16 25	0.4917	0.4375	0.4375	0.7084
8 4 49	0.4898	0.2609	0.8125	0.7162
7 16 21	0.4875	0.2727	0.7500	0.7499
29 41 19	0.4822	0.4375	0.4375	0.6610
12 31 24	0.4802	0.4375	0.4375	0.6509
20 6 27	0.4747	0.3000	0.6250	0.7674
16 1 50	0.4689	0.2857	0.6875	0.6993
6 24 23	0.4683	0.3333	0.5000	0.7999
45 30 19	0.4652	0.4375	0.4375	0.5762
8 31 31	0.4625	0.4118	0.5000	0.5553
10 9 41	0.4621	0.2857	0.6875	0.6655
9 14 28	0.4452	0.2174	0.7500	0.6906
10 40 30	0.4414	0.3750	0.3750	0.7072
22 32 28	0.4375	0.3750	0.3750	0.6874
50 31 26	0.4358	0.3529	0.4375	0.6613
10 15 23	0.4356	0.2500	0.5625	0.7875
32 23 20	0.4284	0.3750	0.3750	0.6419
14 41 17	0.4271	0.3750	0.3750	0.6356
5 47 1	0.4252	0.2105	0.4375	1.0000
19 19 17	0.4192	0.2857	0.6875	0.4509
23 18 44	0.4185	0.2632	0.5000	0.7440
3 48 11	0.4160	0.2222	0.3750	1.0000
4 41 3	0.4153	0.2105	0.4375	0.9505
28 19 43	0.4112	0.2632	0.5000	0.7074
45 33 19	0.4112	0.2941	0.3750	0.7785
47 26 37	0.4101	0.3125	0.3125	0.8007
40 47 12	0.4075	0.2353	0.3125	1.0000
33 46 5	0.4075	0.2353	0.3125	1.0000
50 46 9	0.4075	0.2353	0.3125	1.0000
39 42 12	0.4075	0.2353	0.3125	1.0000
32 43 10	0.4075	0.2353	0.3125	1.0000
49 45 4	0.4075	0.2353	0.3125	1.0000
47 48 6	0.4075	0.2353	0.3125	1.0000
14 14 49	0.4063	0.3000	0.6250	0.4253
40 21 42	0.4018	0.3125	0.3125	0.7591
30 28 43	0.4012	0.3125	0.3125	0.7560
22 48 7	0.4000	0.2500	0.2500	1.0000
16 48 12	0.4000	0.2500	0.2500	1.0000
16 45 3	0.4000	0.2500	0.2500	1.0000
15 43 5	0.4000	0.2500	0.2500	1.0000
2 23 24	0.3996	0.2778	0.4375	0.6873
48 22 35	0.3953	0.3125	0.3125	0.7267
25 4 44	0.3935	0.2000	0.5000	0.7923
24 3 40	0.3930	0.2000	0.5000	0.7902
9 44 1	0.3929	0.2222	0.3750	0.8846
35 48 15	0.3886	0.2353	0.3125	0.9054
48 1 42	0.3863	0.2000	0.5000	0.7567
23 24 33	0.3816	0.3125	0.3125	0.6579
34 8 35	0.3792	0.2000	0.5000	0.7212
37 21 50	0.3772	0.3125	0.3125	0.6361
32 10 37	0.3754	0.2105	0.4375	0.7512
16 31 29	0.3750	0.3125	0.3125	0.6248
6 14 24	0.3746	0.1364	0.5625	0.7951
7 7 28	0.3711	0.0833	0.6250	0.8451
23 30 48	0.3702	0.3125	0.3125	0.6011
42 14 34	0.3654	0.2105	0.4375	0.7014
5 21 34	0.3645	0.2222	0.3750	0.7429
33 10 35	0.3619	0.2105	0.4375	0.6836
40 30 40	0.3619	0.3125	0.3125	0.5593
48 39 8	0.3596	0.1765	0.2500	1.0000
11 16 16	0.3586	0.1429	0.5000	0.7753
10 2 33	0.3578	0.1429	0.5000	0.7710
27 34 17	0.3574	0.3125	0.3125	0.5369
18 3 28	0.3564	0.1429	0.5000	0.7640
16 26 18	0.3515	0.3125	0.3125	0.5075
6 2 8	0.3470	0.0000	0.6250	0.9538
37 3 30	0.3462	0.1500	0.4375	0.7714
25 29 26	0.3446	0.2500	0.2500	0.7229
5 4 16	0.3417	0.0400	0.6250	0.8171
45 4 35	0.3406	0.2000	0.5000	0.5282
42 16 32	0.3389	0.2500	0.2500	0.6943
3 7 3	0.3378	0.0000	0.6250	0.9077
6 34 4	0.3360	0.1053	0.3125	1.0000
49 23 23	0.3356	0.2500	0.2500	0.6780
4 3 18	0.3343	0.0400	0.6250	0.7802
15 8 16	0.3324	0.0909	0.5000	0.7872
37 10 45	0.3317	0.2105	0.4375	0.5326
7 3 45	0.3314	0.1250	0.6875	0.4539
38 26 27	0.3301	0.2500	0.2500	0.6506
20 18 17	0.3290	0.1500	0.4375	0.6856
21 28 30	0.3243	0.2500	0.2500	0.6213
47 13 21	0.3235	0.1579	0.3750	0.7145
14 19 17	0.3160	0.1905	0.5625	0.3528
6 29 30	0.3125	0.1667	0.3125	0.7138
41 33 5	0.3116	0.1176	0.1875	1.0000
48 34 2	0.3116	0.1176	0.1875	1.0000
20 7 16	0.3092	0.1429	0.5000	0.5279
23 30 24	0.3064	0.2500	0.2500	0.5318
15 32 6	0.3000	0.1250	0.1250	1.0000
23 32 6	0.3000	0.1250	0.1250	1.0000
11 32 5	0.3000	0.1250	0.1250	1.0000
1 17 13	0.2984	0.0000	0.4375	0.9451
5 31 9	0.2945	0.1053	0.3125	0.7923
24 5 36	0.2940	0.2500	0.2500	0.4702
31 21 16	0.2915	0.2500	0.2500	0.4573
42 10 30	0.2914	0.1875	0.1875	0.7071
48 11 16	0.2877	0.1000	0.3750	0.6946
19 2 6	0.2832	0.0000	0.3750	0.9474
34 1 13	0.2781	0.0000	0.3125	1.0000
11 16 5	0.2781	0.0000	0.3125	1.0000
44 1 4	0.2781	0.0000	0.3125	1.0000
14 15 26	0.2725	0.1000	0.3750	0.6186
46 9 6	0.2665	0.0000	0.3125	0.9417
46 9 9	0.2648	0.0000	0.3125	0.9333
49 9 5	0.2642	0.0000	0.3125	0.9304
42 18 8	0.2625	0.0000	0.2500	1.0000
48 13 1	0.2625	0.0000	0.2500	1.0000
47 19 10	0.2625	0.0000	0.2500	1.0000
30 4 16	0.2609	0.0476	0.3750	0.7047
5 23 17	0.2576	0.1111	0.2500	0.6697
31 10 5	0.2497	0.0000	0.2500	0.9360
26 7 16	0.2263	0.1250	0.1250	0.6314
12 2 25	0.2256	0.0952	0.4375	0.3190
10 2 16	0.2128	0.0833	0.6250	0.0538
8 26 8	0.2082	0.0000	0.1250	0.8846
7 20 5	0.1901	0.0000	0.1875	0.7163
9 22 10	0.1803	0.0000	0.0625	0.8235
37 9 9	0.0781	0.0000	0.3125	0.0000
35 18 7	0.0625	0.0000	0.2500	0.0000
