Path 3
x y z	Score	Similarity	LengthDiff	Robustness
41 44 21	0.7922	0.7222	0.9375	0.8029
45 49 39	0.7833	0.7368	0.8333	0.8484
19 41 43	0.7738	0.7368	0.8333	0.8012
43 47 21	0.7662	0.6667	1.0000	0.7476
28 39 35	0.7523	0.6842	0.8824	0.7771
43 50 50	0.7516	0.6842	0.8824	0.7733
34 34 44	0.7501	0.6842	0.8824	0.7658
46 48 50	0.7461	0.6316	0.9375	0.8217
46 44 22	0.7442	0.6111	0.9333	0.8736
44 43 42	0.7354	0.6316	0.9375	0.7683
30 35 39	0.7316	0.6316	0.9375	0.7494
44 31 32	0.7313	0.6316	0.9375	0.7478
27 43 48	0.7307	0.5789	1.0000	0.8114
39 47 30	0.7212	0.5789	1.0000	0.7641
30 34 48	0.7169	0.5789	1.0000	0.7422
34 37 21	0.7095	0.6111	0.9333	0.7002
3 49 36	0.7042	0.5500	0.9375	0.8367
6 46 48	0.6959	0.5000	1.0000	0.8544
30 47 37	0.6941	0.6667	0.6667	0.8039
23 43 32	0.6932	0.6667	0.6667	0.7993
40 45 21	0.6818	0.5556	0.8667	0.7980
38 34 44	0.6806	0.5263	0.9333	0.7890
22 45 38	0.6798	0.5263	0.9333	0.7849
31 49 19	0.6782	0.5882	0.8000	0.7733
33 38 34	0.6723	0.5263	0.9333	0.7474
40 37 49	0.6717	0.5263	0.9333	0.7442
41 41 25	0.6702	0.5556	0.8667	0.7397
21 38 46	0.6473	0.6000	0.6000	0.8365
35 33 33	0.6441	0.6000	0.6000	0.8205
9 50 35	0.6438	0.5625	0.6667	0.8389
15 43 49	0.6432	0.6000	0.6000	0.8161
13 43 37	0.6418	0.6000	0.6000	0.8089
2 33 46	0.6397	0.4500	0.9333	0.7943
10 43 37	0.6392	0.6000	0.6000	0.7960
10 44 44	0.6325	0.6000	0.6000	0.7625
25 36 33	0.6317	0.4737	0.8667	0.7727
42 40 21	0.6264	0.5000	0.8000	0.7572
36 24 39	0.6246	0.4737	0.8667	0.7370
1 34 46	0.6246	0.4500	0.9333	0.7188
39 35 33	0.6185	0.6000	0.6000	0.6923
19 40 21	0.6172	0.5000	0.8000	0.7110
38 31 33	0.6080	0.6000	0.6000	0.6399
4 42 22	0.5935	0.4211	0.8000	0.8097
19 49 26	0.5920	0.4211	0.8000	0.8019
7 32 34	0.5885	0.4000	0.8667	0.7591
10 39 36	0.5837	0.5333	0.5333	0.7851
12 49 23	0.5800	0.4706	0.6667	0.7725
12 40 35	0.5800	0.5333	0.5333	0.7666
23 37 34	0.5790	0.5333	0.5333	0.7618
21 45 25	0.5776	0.5333	0.5333	0.7547
31 47 20	0.5739	0.5333	0.5333	0.7363
8 38 26	0.5717	0.4211	0.8000	0.7008
26 7 26	0.5658	0.3182	0.9333	0.7871
16 31 46	0.5607	0.4211	0.8000	0.6454
18 17 22	0.5532	0.3182	0.9333	0.7242
23 13 37	0.5483	0.3810	0.9333	0.5270
16 19 39	0.5460	0.3478	0.9375	0.6017
28 3 25	0.5419	0.3333	0.8667	0.7097
28 47 19	0.5404	0.4667	0.4667	0.8354
32 28 36	0.5401	0.3684	0.7333	0.7708
30 23 42	0.5381	0.3684	0.7333	0.7609
24 27 43	0.5351	0.3684	0.7333	0.7459
17 50 19	0.5350	0.4667	0.4667	0.8082
12 48 28	0.5269	0.4667	0.4667	0.7681
14 41 28	0.5229	0.4667	0.4667	0.7481
37 32 30	0.5211	0.4667	0.4667	0.7391
23 29 48	0.5128	0.3684	0.7333	0.6344
32 15 42	0.5123	0.2857	0.8000	0.7760
50 12 40	0.5061	0.2857	0.8000	0.7450
21 36 19	0.5049	0.4118	0.6000	0.6423
5 21 41	0.4982	0.3000	0.7333	0.7492
1 19 35	0.4944	0.2083	0.9333	0.7326
36 26 27	0.4924	0.3158	0.6667	0.7601
41 38 16	0.4912	0.4118	0.6000	0.5739
42 22 42	0.4895	0.3158	0.6667	0.7456
22 25 46	0.4883	0.3158	0.6667	0.7396
44 29 34	0.4880	0.3158	0.6667	0.7384
36 4 45	0.4873	0.2273	0.8000	0.8115
4 5 43	0.4842	0.1600	0.9333	0.8144
46 28 25	0.4786	0.3333	0.6000	0.7263
10 30 31	0.4772	0.3889	0.6667	0.4831
18 19 47	0.4770	0.2174	0.8667	0.7039
35 5 28	0.4767	0.2273	0.8000	0.7584
30 14 32	0.4718	0.2381	0.7333	0.7877
42 10 40	0.4701	0.2381	0.7333	0.7789
41 1 38	0.4691	0.2273	0.8000	0.7205
28 10 37	0.4680	0.2381	0.7333	0.7687
45 46 8	0.4667	0.3333	0.3333	1.0000
35 18 23	0.4583	0.2381	0.7333	0.7202
29 12 31	0.4573	0.2381	0.7333	0.7152
29 18 47	0.4524	0.2778	0.5333	0.8314
40 16 23	0.4518	0.2381	0.7333	0.6875
11 23 26	0.4491	0.3333	0.6000	0.5788
12 45 17	0.4417	0.3750	0.4667	0.5937
40 18 36	0.4415	0.2778	0.5333	0.7768
27 6 47	0.4410	0.1818	0.7333	0.7881
49 21 26	0.4350	0.2632	0.6000	0.7014
8 28 40	0.4316	0.2632	0.6000	0.6845
5 41 4	0.4290	0.2222	0.4667	0.9505
7 46 5	0.4290	0.2222	0.4667	0.9505
28 13 34	0.4275	0.1905	0.6667	0.7802
3 15 38	0.4265	0.2174	0.8667	0.4515
13 14 34	0.4260	0.1905	0.6667	0.7730
1 6 16	0.4258	0.1250	0.8000	0.7852
14 12 49	0.4224	0.1905	0.6667	0.7547
4 5 36	0.4199	0.1304	0.7333	0.8241
20 25 21	0.4193	0.2778	0.5333	0.6659
11 16 37	0.4173	0.2778	0.5333	0.6559
21 30 27	0.4150	0.2632	0.6000	0.6012
49 2 21	0.4137	0.1905	0.6667	0.7114
12 45 11	0.4133	0.2667	0.2667	1.0000
20 45 14	0.4133	0.2667	0.2667	1.0000
19 43 1	0.4133	0.2667	0.2667	1.0000
16 48 13	0.4133	0.2667	0.2667	1.0000
15 46 10	0.4133	0.2667	0.2667	1.0000
25 42 14	0.4133	0.2667	0.2667	1.0000
15 50 4	0.4133	0.2667	0.2667	1.0000
25 48 14	0.4133	0.2667	0.2667	1.0000
46 29 30	0.4129	0.2632	0.6000	0.5906
45 25 37	0.4124	0.3333	0.3333	0.7288
33 19 17	0.4100	0.2381	0.7333	0.4786
17 22 46	0.4054	0.3333	0.3333	0.6936
50 20 50	0.4036	0.3333	0.3333	0.6845
40 2 38	0.4007	0.2105	0.5333	0.7578
39 9 41	0.4000	0.2273	0.8000	0.3749
14 25 42	0.3979	0.2778	0.5333	0.5587
49 9 46	0.3970	0.2105	0.5333	0.7394
24 7 50	0.3919	0.2105	0.5333	0.7140
24 4 31	0.3890	0.2105	0.5333	0.6992
28 1 45	0.3887	0.2105	0.5333	0.6980
30 28 25	0.3857	0.2222	0.4667	0.7339
20 15 47	0.3854	0.2222	0.4667	0.7324
26 18 41	0.3846	0.2778	0.5333	0.4922
13 33 19	0.3798	0.2500	0.3333	0.7946
21 9 18	0.3765	0.1429	0.6000	0.7397
5 25 31	0.3760	0.2000	0.6000	0.5799
35 3 19	0.3752	0.1429	0.6000	0.7333
24 16 42	0.3752	0.2222	0.4667	0.6814
20 42 16	0.3748	0.2353	0.4000	0.7269
13 12 35	0.3717	0.1579	0.4667	0.8411
36 15 50	0.3710	0.2222	0.4667	0.6608
15 7 43	0.3681	0.1500	0.5333	0.7614
39 31 12	0.3600	0.2000	0.2000	1.0000
33 34 4	0.3600	0.2000	0.2000	1.0000
37 36 11	0.3600	0.2000	0.2000	1.0000
13 17 17	0.3579	0.2500	0.3333	0.6853
18 29 30	0.3561	0.2667	0.2667	0.7140
49 36 15	0.3473	0.2000	0.2000	0.9365
3 33 2	0.3444	0.1111	0.3333	1.0000
23 29 24	0.3440	0.2667	0.2667	0.6532
1 7 2	0.3436	0.0000	0.6667	0.8846
21 40 2	0.3427	0.2000	0.2000	0.9135
6 8 10	0.3379	0.0000	0.6000	0.9397
31 3 27	0.3359	0.1579	0.4667	0.6621
35 11 28	0.3338	0.1667	0.4000	0.7106
2 14 36	0.3319	0.1765	0.3333	0.7574
20 1 41	0.3219	0.2105	0.5333	0.3637
50 11 18	0.3169	0.1053	0.4000	0.7951
29 13 28	0.3131	0.2000	0.2000	0.7657
7 3 10	0.3105	0.0000	0.6000	0.8026
12 8 48	0.3081	0.2000	0.2000	0.7406
24 33 14	0.3067	0.1333	0.1333	1.0000
19 36 8	0.3067	0.1333	0.1333	1.0000
28 36 8	0.3067	0.1333	0.1333	1.0000
12 6 3	0.3000	0.0000	0.4000	1.0000
11 5 10	0.3000	0.0000	0.4000	1.0000
16 3 7	0.3000	0.0000	0.4000	1.0000
9 13 2	0.2927	0.0000	0.4667	0.8800
21 37 3	0.2836	0.1333	0.1333	0.8846
49 6 9	0.2833	0.0000	0.3333	1.0000
47 3 13	0.2833	0.0000	0.3333	1.0000
50 7 14	0.2833	0.0000	0.3333	1.0000
43 2 2	0.2833	0.0000	0.3333	1.0000
42 1 5	0.2833	0.0000	0.3333	1.0000
30 7 8	0.2833	0.0000	0.3333	1.0000
32 8 13	0.2833	0.0000	0.3333	1.0000
36 4 13	0.2833	0.0000	0.3333	1.0000
15 2 20	0.2822	0.0500	0.4000	0.7735
29 25 18	0.2771	0.2000	0.2000	0.5855
8 14 10	0.2755	0.0000	0.4000	0.8777
11 14 19	0.2755	0.0500	0.4000	0.7400
14 27 24	0.2728	0.2000	0.2000	0.5639
15 1 17	0.2716	0.0476	0.4667	0.6438
33 24 17	0.2698	0.2000	0.2000	0.5491
25 4 15	0.2672	0.0000	0.3333	0.9191
48 18 2	0.2667	0.0000	0.2667	1.0000
48 16 4	0.2667	0.0000	0.2667	1.0000
45 14 4	0.2667	0.0000	0.2667	1.0000
34 16 12	0.2667	0.0000	0.2667	1.0000
44 10 2	0.2545	0.0000	0.2667	0.9391
43 10 1	0.2533	0.0000	0.2667	0.9333
47 4 16	0.2409	0.0000	0.4000	0.7044
3 23 14	0.2333	0.0000	0.1333	1.0000
33 3 16	0.2158	0.0000	0.3333	0.6622
17 9 16	0.2120	0.0000	0.4000	0.5599
44 13 20	0.2107	0.1111	0.3333	0.3315
2 29 15	0.2071	0.0000	0.1333	0.8687
6 20 13	0.2004	0.0000	0.1333	0.8352
6 19 14	0.1784	0.0000	0.1333	0.7253
32 7 15	0.0833	0.0000	0.3333	0.0000
